N = 64;
Rb = 10;
Tc = 1000/N/Rb
Pi = 1;
P11 = 1;
P12 = 10^-0.2;
P13 = 10^-0.3;
P2 = 10^0.3;
P3 = 10^0.6;
t11 = 1;
t12 = 3;
t13 = 6;
t2 = 1;

D11 = t11/Tc
D12 = (t12-Tc)/Tc
D13 = (t13-3*Tc)/Tc
D2 = D11;
%var11 = P11*Tc^2*N*(D11^2+(1-D11)^2)
%var12 = P12*Tc^2*N*(D12^2+(1-D12)^2)
%var13 = P13*Tc^2*N*(D13^2+(1-D13)^2)
%var2 = P2*Tc^2*N*(D2^2+(1-D2)^2)

var11 = P11*(D11^2+(1-D11)^2)
var12 = P12*(D12^2+(1-D12)^2)
var13 = P13*(D13^2+(1-D13)^2)
var2 = P2*(D2^2+(1-D2)^2)
